1024
0 386.33704 296.62128
1 271.1568 514.02905
2 687.03406 270.83063
3 645.2479 464.02646
4 635.6612 527.2824
5 468.65775 257.62506
6 592.43335 382.56088
7 417.9043 295.5261
8 461.92465 241.22275
9 701.85706 240.78635
10 523.81976 384.8937
11 681.026 350.02014
12 465.35806 345.18262
13 670.69775 299.18237
14 686.33844 426.2069
15 645.299 214.76279
16 270.39728 445.4082
17 625.16565 309.0279
18 280.14944 551.52905
19 662.9772 488.74078
20 431.1914 470.99097
21 343.97552 218.45517
22 659.4026 381.34082
23 384.23285 395.88403
24 305.95496 239.78601
25 427.15265 571.8666
26 301.4396 455.0
27 288.59814 260.9733
28 339.05496 416.2179
29 314.02454 286.66965
30 275.3638 214.03668
31 671.2614 279.08472
32 414.22333 305.15787
33 346.63943 575.67236
34 371.6181 409.43933
35 536.486 421.2862
36 542.78564 524.9305
37 731.1261 294.2908
38 630.71204 249.92828
39 582.9159 303.17557
40 319.29672 349.38397
41 630.0119 405.59644
42 641.7381 217.08725
43 342.03384 430.7253
44 273.4729 291.83224
45 519.01306 434.10547
46 293.8186 286.09958
47 751.53906 533.77344
48 751.81323 450.55267
49 362.31454 201.0877
50 480.12302 563.70935
51 649.9076 509.37558
52 434.79855 278.3979
53 428.8541 216.04718
54 542.5969 271.90494
55 514.90344 265.10858
56 652.0603 481.9552
57 512.626 256.9016
58 734.04285 334.69415
59 421.3046 268.28937
60 258.40884 362.56262
61 452.52063 257.26367
62 678.6941 406.21906
63 477.60995 294.94983
64 386.11237 194.3646
65 475.71567 265.10077
66 684.9215 227.33011
67 533.99304 468.28235
68 381.31705 209.46622
69 397.13358 366.92612
70 364.21442 514.6164
71 374.268 452.1458
72 560.99884 323.11975
73 559.982 573.54816
74 563.0759 474.76285
75 409.13287 341.09653
76 459.33762 266.7516
77 262.8922 497.28088
78 454.97363 201.98058
79 684.45715 412.2846
80 488.9042 575.5138
81 471.67136 368.39233
82 647.98584 561.1315
83 486.87762 284.43024
84 550.5514 531.9183
85 266.184 476.44336
86 588.2845 220.0432
87 705.4696 412.9696
88 478.39874 433.98752
89 357.37875 456.04474
90 396.095 455.38516
91 760.75793 254.33566
92 270.80243 195.23053
93 477.97565 294.43387
94 615.27374 209.35258
95 764.8342 496.21317
96 482.7008 358.62717
97 342.82953 368.14948
98 654.1439 299.27872
99 556.84595 402.48322
100 603.2256 205.68004
101 687.4856 505.95596
102 295.73022 359.17197
103 510.62186 457.447
104 562.97034 300.46704
105 265.94232 345.04498
106 368.0334 573.04865
107 263.7013 233.7933
108 571.8058 535.5034
109 717.1375 489.41675
110 505.48438 416.80765
111 705.53125 472.6502
112 560.6335 213.09695
113 406.17328 417.21802
114 317.2198 250.26822
115 727.0979 335.93524
116 572.9681 526.75446
117 518.79517 461.68954
118 630.3186 325.86652
119 718.75745 551.09424
120 596.7386 434.07397
121 556.1416 420.2499
122 420.64105 533.3826
123 759.5326 460.19336
124 735.19965 431.43057
125 533.2787 572.1185
126 260.40967 340.94357
127 421.63998 513.20483
128 560.3434 287.63934
129 541.5363 266.75476
130 328.1744 353.42374
131 510.5142 501.20023
132 724.7023 432.65485
133 363.1616 479.26575
134 627.3012 482.2389
135 473.09366 369.04187
136 459.93362 268.2397
137 303.30414 278.81015
138 339.62506 249.40442
139 651.6349 267.03714
140 375.07663 442.4118
141 592.84985 221.90027
142 329.4086 441.60443
143 740.81964 300.89532
144 567.87244 204.35309
145 344.11877 328.3798
146 333.2462 234.8926
147 258.42178 555.2018
148 647.0374 227.33862
149 429.94147 219.72949
150 500.0545 379.52048
151 316.29822 317.49957
152 415.88144 490.1199
153 397.13147 469.2284
154 657.7903 395.26523
155 494.97055 465.94308
156 456.16013 278.07047
157 353.86752 255.37259
158 396.0356 460.50177
159 661.56274 511.3639
160 435.55325 512.2781
161 447.00266 463.82892
162 366.0916 383.14154
163 343.3598 572.46313
164 394.65884 477.64093
165 653.81476 457.07635
166 352.72095 526.4332
167 753.7547 258.72086
168 437.89444 399.90323
169 681.21497 312.76172
170 584.18 219.49643
171 443.8469 543.4866
172 437.19525 248.43683
173 689.9291 485.6729
174 507.68112 251.33551
175 357.46036 557.59155
176 517.90063 416.45377
177 661.6676 534.1061
178 457.92584 295.95306
179 519.84503 261.6969
180 352.71896 497.20804
181 767.8005 521.2799
182 718.84924 217.0604
183 546.82825 355.46805
184 370.1621 473.61993
185 694.5515 268.32385
186 383.21646 489.75558
187 565.6815 521.54
188 408.33923 477.63168
189 452.22894 445.24277
190 575.21234 221.4153
191 455.4682 470.1131
192 297.50146 422.4782
193 312.5065 212.13542
194 729.66345 318.9213
195 743.13745 253.89496
196 591.22766 449.9312
197 586.2721 236.81909
198 574.03503 442.2181
199 624.13135 386.97705
200 666.6416 337.45026
201 687.05884 200.8876
202 267.84167 241.07254
203 692.7683 377.11218
204 286.55225 377.05
205 537.5738 476.1053
206 546.61365 424.78137
207 404.17175 192.73181
208 276.90588 488.5662
209 509.34094 554.91394
210 686.05896 455.44827
211 630.0061 277.9183
212 477.44296 352.87994
213 753.97363 404.70547
214 758.5618 556.3262
215 554.78906 416.42218
216 379.94858 409.53317
217 605.09143 273.38718
218 670.65784 575.59546
219 580.0427 285.68872
220 420.98798 490.04437
221 358.39844 307.6424
222 486.6275 418.82578
223 284.05225 325.73425
224 736.5175 405.108
225 421.93713 231.1637
226 527.84753 564.24
227 377.49445 559.5869
228 338.26175 394.73596
229 633.03455 484.0107
230 266.0411 411.77905
231 639.705 313.8811
232 336.24734 489.27502
233 374.95596 430.1205
234 565.0681 345.8371
235 624.84766 344.0714
236 280.3841 372.10892
237 282.78137 305.87228
238 306.39484 460.4134
239 683.75214 284.60535
240 686.48425 289.72812
241 612.52124 420.4841
242 641.8854 216.30226
243 323.6861 492.26953
244 308.61032 457.72647
245 751.9862 192.8938
246 502.05338 472.81735
247 660.827 246.79956
248 488.142 478.158
249 716.42706 199.65164
250 748.41705 425.4207
251 332.69894 348.71844
252 598.4531 378.56247
253 572.4604 210.2266
254 423.0958 393.5031
255 386.34076 210.24301
256 340.589 237.84361
257 370.2952 528.00433
258 549.29065 323.43726
259 430.47052 530.9735
260 717.835 571.058
261 344.77676 229.12848
262 360.7886 484.89856
263 664.41235 409.95636
264 405.5668 352.04877
265 646.2629 545.213
266 567.1316 247.32608
267 417.051 205.58391
268 529.2728 255.73251
269 658.84814 541.82794
270 533.59033 260.26892
271 313.57996 294.67297
272 712.14 472.72293
273 567.9523 266.5357
274 639.584 202.23926
275 456.3085 205.93484
276 686.0928 567.84985
277 475.78732 382.1305
278 295.68686 347.5683
279 450.29373 570.928
280 600.6768 345.00714
281 631.7207 274.60782
282 627.8613 241.63599
283 597.0625 395.4579
284 308.6771 487.63858
285 549.048 347.26712
286 342.05878 523.7208
287 672.1897 402.26385
288 587.8617 267.04437
289 520.1926 234.22397
290 290.82916 249.59079
291 562.99805 511.70764
292 306.7419 289.56763
293 718.8472 220.48502
294 280.079 310.83136
295 583.14484 391.05374
296 334.73856 384.59457
297 386.0725 257.61243
298 486.6191 380.78186
299 517.36194 382.80618
300 461.6463 446.17593
301 521.86926 301.8805
302 449.6426 557.8262
303 262.11368 562.4418
304 351.78543 435.95462
305 364.2391 411.7016
306 311.7736 437.6588
307 564.4396 495.75433
308 526.7326 529.95715
309 398.2499 242.974
310 617.8273 303.0229
311 573.74585 329.90036
312 355.0206 506.68274
313 266.12082 282.87863
314 275.92212 400.29022
315 461.8133 536.1102
316 371.6981 448.79907
317 393.8432 228.5274
318 590.08496 205.13063
319 762.78503 221.90521
320 627.1398 377.62762
321 514.35266 226.74028
322 745.989 196.39082
323 633.402 526.5353
324 468.99762 302.47763
325 551.7683 229.10345
326 739.9657 502.17935
327 630.2492 253.22693
328 577.68427 521.7623
329 383.7141 266.336
330 381.93195 351.0285
331 581.2817 455.70685
332 564.27795 235.70549
333 659.2385 439.8674
334 587.37134 369.87933
335 381.39194 288.34012
336 600.2412 221.32281
337 494.3482 378.40314
338 438.01215 259.51083
339 650.28796 529.09875
340 644.8429 223.23557
341 727.6708 357.13083
342 339.34134 270.90976
343 579.4451 544.4497
344 652.6742 276.75125
345 759.26245 243.0943
346 451.59555 522.95135
347 427.3989 429.12817
348 256.14993 202.51907
349 640.0769 568.1377
350 707.37 534.6378
351 671.14307 477.6344
352 378.38525 210.94395
353 476.11 468.69708
354 665.48535 522.0155
355 497.89984 292.1707
356 536.33813 297.4182
357 599.7362 289.59235
358 539.25415 254.76663
359 310.02725 535.6071
360 594.6089 320.30377
361 725.2532 486.84573
362 545.7858 548.34656
363 584.3291 445.9415
364 666.7871 204.47379
365 558.1488 298.4303
366 635.4729 304.41342
367 663.5333 220.59297
368 469.73627 204.09764
369 660.1074 313.72525
370 293.29718 245.17044
371 534.2051 502.74463
372 532.7074 365.2272
373 512.2704 258.33038
374 744.098 540.1172
375 457.85834 209.82426
376 711.6715 475.61853
377 395.76666 412.7674
378 598.44214 564.5813
379 510.5344 420.08896
380 523.7622 348.09735
381 617.0288 277.46976
382 408.23615 562.27606
383 586.60974 249.15257
384 689.21875 246.65198
385 289.91046 518.33923
386 625.723 417.00583
387 451.10178 476.17148
388 284.71997 327.31213
389 699.1209 501.02075
390 644.0015 439.5144
391 517.23584 375.2782
392 576.5005 352.74756
393 361.99167 295.92346
394 485.71097 404.34805
395 526.5405 275.7277
396 402.13855 506.39465
397 422.09158 317.89005
398 483.02072 204.47949
399 577.2367 446.0966
400 282.40753 494.79498
401 652.7057 202.29147
402 756.5657 396.31305
403 359.18472 453.74936
404 389.0806 341.70416
405 456.69327 393.20004
406 461.46814 480.56808
407 266.15738 350.6623
408 367.07986 456.4047
409 381.74112 237.16777
410 449.08673 461.41098
411 524.7025 472.56934
412 281.8602 285.5315
413 530.52734 466.01227
414 689.63293 551.0824
415 275.36157 294.26984
416 547.41876 292.5934
417 545.8114 517.8876
418 569.29614 552.14044
419 258.5105 211.8135
420 490.8205 416.24957
421 598.96625 539.7931
422 720.0172 262.31604
423 665.5868 266.1516
424 737.6304 241.27419
425 390.96774 408.5459
426 592.5521 199.85168
427 264.97 474.7201
428 307.14294 403.01813
429 755.35736 517.1217
430 367.96527 344.06943
431 580.28076 197.29355
432 482.80023 437.0512
433 337.19354 327.13885
434 379.19403 338.78946
435 711.3635 318.32602
436 715.6876 356.54346
437 746.5076 338.14008
438 766.8244 435.0951
439 392.7192 491.8673
440 451.4996 218.8193
441 509.27966 466.19766
442 733.7189 258.8155
443 488.65338 347.0205
444 395.8648 293.3928
445 599.4498 474.24542
446 459.63675 340.97235
447 656.9048 407.78015
448 565.42224 374.66812
449 539.9813 358.41428
450 545.4884 446.31085
451 365.02127 468.96582
452 544.5377 261.36322
453 409.48984 420.52423
454 401.3624 547.9121
455 552.2472 305.84164
456 736.053 243.59094
457 295.456 242.75946
458 352.96832 280.7576
459 498.18896 294.8853
460 490.95663 197.40549
461 539.53534 222.42943
462 641.6338 415.9911
463 688.0244 443.04794
464 578.36786 505.49832
465 276.9827 290.59314
466 285.4981 386.50064
467 308.5204 470.71844
468 505.7244 221.60223
469 536.70557 568.19885
470 258.0415 251.31543
471 413.62585 217.48285
472 743.56433 315.03625
473 580.9625 375.26657
474 432.59222 335.18893
475 650.9049 259.64325
476 685.7927 246.7013
477 320.22247 530.5162
478 461.95084 496.61484
479 388.57587 332.3363
480 448.8241 570.70905
481 499.20016 476.7173
482 554.7728 538.39636
483 671.42194 224.96582
484 285.49033 566.7033
485 666.58325 200.91463
486 686.8502 207.76544
487 302.33905 458.53998
488 758.1062 246.80708
489 457.46725 372.5555
490 273.9332 369.92252
491 294.78662 529.37695
492 455.58163 192.00421
493 658.01355 196.42177
494 637.2307 535.74316
495 705.9067 431.52014
496 767.97205 459.639
497 438.34625 435.1435
498 497.23322 397.27298
499 472.5771 438.07623
500 680.3574 546.5924
501 640.2029 481.9474
502 411.9961 213.50613
503 637.1644 441.56766
504 604.4409 315.56876
505 426.35617 458.16638
506 300.52527 569.81934
507 618.24255 485.26288
508 322.7564 350.8007
509 419.32025 279.91327
510 672.4055 479.30716
511 258.0413 381.32507
512 688.8777 556.35724
513 349.3592 444.1958
514 521.31195 515.1391
515 462.89288 411.4941
516 431.5178 249.1124
517 476.3117 550.625
518 344.54593 483.93588
519 441.43958 529.89105
520 682.9109 393.3086
521 702.2488 468.74518
522 351.23477 511.0347
523 381.86963 283.41077
524 580.36566 510.52307
525 280.47903 254.88629
526 738.3371 421.39038
527 589.9466 473.04196
528 626.38257 281.72144
529 558.9186 288.31778
530 482.09412 260.73303
531 514.0978 399.3298
532 485.22406 568.9562
533 712.3395 362.35504
534 517.0668 534.47876
535 704.32715 551.0706
536 766.32935 443.14444
537 558.51355 223.94626
538 375.4007 374.76395
539 660.2192 288.20407
540 401.46384 435.2335
541 325.76697 481.14206
542 383.45792 370.85007
543 535.79767 237.74207
544 286.9944 398.9368
545 659.961 339.72504
546 393.45786 423.01892
547 513.5072 277.44952
548 575.18024 268.10068
549 395.41443 344.15173
550 636.2665 456.95544
551 560.081 237.86694
552 398.87106 266.6334
553 506.78397 407.83444
554 713.9755 572.48895
555 417.56226 369.1393
556 662.5021 247.80707
557 543.41736 435.6649
558 479.4113 205.43826
559 423.2433 210.99161
560 476.77756 442.61447
561 644.19543 559.5574
562 342.21506 482.18274
563 412.78925 476.06522
564 670.93225 303.74036
565 659.3788 361.6638
566 413.6342 559.4545
567 365.31134 252.70569
568 640.9628 230.58026
569 398.47382 313.7877
570 686.6657 358.7239
571 581.6554 405.1662
572 496.7188 495.61588
573 379.63525 575.39954
574 464.69232 389.42276
575 503.67166 537.0668
576 751.2439 295.33008
577 644.6194 298.53128
578 372.25195 340.12848
579 710.73035 375.82428
580 380.25848 255.7207
581 319.80435 493.70142
582 442.08102 329.70343
583 666.2506 531.64233
584 760.17413 477.34622
585 360.29282 324.89908
586 349.0724 231.26161
587 487.50638 268.52734
588 633.53015 555.71234
589 678.61316 343.52856
590 358.2884 574.7084
591 520.47595 444.66864
592 331.24323 343.68253
593 568.03394 241.09222
594 594.6697 558.47424
595 554.00085 503.39944
596 657.5606 485.472
597 639.0082 350.2638
598 290.58078 369.9395
599 384.01923 363.82706
600 364.10782 346.6575
601 723.76245 489.8795
602 555.832 246.91946
603 259.13947 248.09807
604 467.92084 563.5128
605 584.54663 575.2495
606 631.3198 501.45782
607 671.32 322.13766
608 492.854 405.85242
609 385.55972 541.0669
610 755.9252 528.04834
611 367.9206 270.57867
612 394.25403 234.44263
613 573.06824 198.06625
614 728.8104 199.28125
615 617.89087 398.4696
616 575.29065 504.91376
617 692.73145 378.4597
618 561.7568 204.78558
619 681.36145 568.22644
620 379.83463 528.9813
621 413.64978 511.05255
622 704.6805 318.21307
623 636.4039 440.16898
624 495.27402 310.66068
625 313.1524 332.8159
626 543.9712 521.88513
627 569.2246 280.85507
628 435.1586 302.03302
629 676.839 245.56796
630 609.791 563.59924
631 498.55832 243.304
632 408.06393 293.99683
633 612.8914 408.29285
634 584.9756 352.96494
635 305.52695 195.07297
636 343.5651 288.313
637 512.17126 361.4975
638 424.67847 513.51624
639 512.7295 354.02695
640 614.7108 400.12723
641 626.1184 345.88544
642 376.39777 527.7217
643 712.8287 563.5165
644 428.88916 511.029
645 562.96686 199.49886
646 442.52777 460.88748
647 707.3992 294.55365
648 379.47427 475.57938
649 419.29242 227.35672
650 372.07452 506.82532
651 285.30435 498.4504
652 715.14606 483.11768
653 452.40945 399.49133
654 676.67664 499.0307
655 326.36642 329.26
656 764.2726 227.52954
657 339.63055 367.16046
658 366.5721 275.99316
659 352.595 303.23557
660 544.24634 216.53543
661 410.90613 436.88733
662 622.6513 210.13408
663 581.7411 310.3959
664 298.16403 426.93332
665 661.85876 487.8562
666 677.23724 458.7436
667 302.4412 521.1637
668 333.74243 535.10376
669 358.7284 228.0656
670 320.73334 260.16238
671 426.71716 374.91577
672 587.85864 250.96115
673 643.24347 574.51636
674 283.77963 271.3296
675 336.09784 409.15955
676 628.6068 514.40985
677 637.9345 376.58728
678 721.05786 387.6928
679 326.12802 295.9271
680 703.26196 348.23846
681 732.90454 523.6254
682 743.3859 335.35175
683 686.52985 559.84985
684 385.04068 336.26135
685 523.57324 335.65353
686 457.2429 274.18057
687 458.78305 532.2555
688 260.04987 570.3904
689 545.4095 405.97162
690 763.3645 563.5514
691 693.38916 283.50012
692 648.31445 277.19608
693 500.16855 386.30573
694 598.55005 279.15393
695 393.58517 435.62732
696 529.27405 225.39127
697 696.64905 571.0304
698 745.3218 326.28287
699 744.7731 425.3177
700 458.6395 470.54626
701 593.48596 370.86765
702 406.5764 271.83917
703 753.4298 306.96924
704 711.99976 356.21884
705 343.99405 532.3402
706 390.87006 522.1659
707 495.76404 501.6231
708 619.0706 417.55774
709 487.57953 505.13
710 530.47754 262.71524
711 340.88513 265.32523
712 468.9739 348.31317
713 320.73294 277.3709
714 746.8657 360.41742
715 725.75 254.38765
716 367.44043 391.06342
717 629.1209 472.77698
718 506.7222 490.4978
719 759.65326 508.8905
720 467.32483 465.3401
721 378.7915 445.38367
722 692.1798 574.36316
723 452.5267 459.6386
724 282.32465 443.21188
725 577.0089 397.55508
726 597.37756 252.05338
727 485.8132 347.66293
728 514.2934 504.75946
729 685.73315 216.78346
730 523.99884 305.62915
731 505.18112 225.23175
732 305.03854 504.75043
733 711.2606 472.68427
734 720.92664 234.74283
735 406.84467 395.21124
736 607.99506 220.69812
737 442.04068 301.4637
738 341.6577 338.5123
739 309.75574 397.4906
740 319.6649 551.3627
741 743.1841 347.011
742 621.6157 534.69476
743 478.43317 499.06085
744 635.2134 345.62756
745 436.67917 461.64307
746 510.00317 500.03137
747 369.69455 520.2134
748 621.113 292.56122
749 372.83127 231.40369
750 431.33444 464.50848
751 557.05664 293.1966
752 718.2248 450.3461
753 614.9404 300.6944
754 348.289 257.15726
755 523.06995 309.5468
756 753.209 238.63474
757 399.73373 408.89017
758 394.02618 205.88676
759 674.3529 520.1826
760 756.6544 345.76596
761 756.5682 241.46594
762 534.6023 502.7229
763 570.5913 192.22719
764 446.8176 337.14975
765 672.9182 536.0377
766 698.6298 234.69804
767 755.26874 294.39966
768 398.36325 306.00485
769 714.1652 481.5946
770 507.82074 393.51318
771 268.39398 542.6887
772 371.99472 530.5071
773 610.204 219.0747
774 446.553 301.9687
775 421.98996 549.89954
776 289.36697 480.28247
777 373.881 417.31165
778 709.10187 480.03424
779 415.61087 502.53888
780 546.17163 386.05338
781 464.78177 524.2549
782 539.6765 234.30469
783 677.6529 204.3766
784 460.7852 341.1215
785 652.3811 355.24026
786 688.90247 423.4625
787 750.72375 433.90115
788 512.3705 422.2465
789 621.0734 417.96375
790 554.8901 305.243
791 687.83716 466.75623
792 542.82263 264.35318
793 316.09763 515.68555
794 617.53046 427.27362
795 738.69714 250.12495
796 409.45038 554.3766
797 425.87296 276.06693
798 279.1589 561.0329
799 413.8393 555.9012
800 479.78146 520.42804
801 432.76093 490.91672
802 553.2268 247.05084
803 754.89246 555.3624
804 648.38586 395.34106
805 748.7691 506.00092
806 323.1222 500.3464
807 523.7283 449.9345
808 548.1044 348.5307
809 745.21265 497.9412
810 653.7799 489.97314
811 275.76382 564.5128
812 596.57556 482.97464
813 257.84882 317.10605
814 455.2223 219.41927
815 351.18176 269.67984
816 631.4497 264.99994
817 545.5001 485.27118
818 525.67017 259.48322
819 566.3356 311.03387
820 384.18256 529.43396
821 612.6821 234.70152
822 570.3655 390.1208
823 432.10376 203.71893
824 370.79715 485.55298
825 371.2513 545.1825
826 640.7462 272.63486
827 538.45996 538.12036
828 346.50623 484.13702
829 576.58826 529.4025
830 631.1137 454.4539
831 405.02362 370.5664
832 399.58496 340.8148
833 462.33224 418.96497
834 686.433 321.62024
835 693.8572 292.74997
836 424.38474 313.757
837 650.18304 501.17996
838 655.40796 274.98453
839 597.2761 493.46143
840 393.8786 204.65182
841 747.7846 202.66608
842 595.47 398.9768
843 497.9359 402.09604
844 436.62936 258.77112
845 532.2075 197.66183
846 416.82248 208.70111
847 386.96307 511.27698
848 547.57025 254.81073
849 605.0449 232.82579
850 401.18118 309.97397
851 258.3953 371.80798
852 730.4897 350.06403
853 513.6378 482.17712
854 699.35046 427.80334
855 382.69577 273.046
856 410.60983 465.3615
857 345.44537 531.704
858 312.27692 371.6792
859 278.60852 533.65845
860 284.1503 369.08582
861 631.0761 535.042
862 396.72092 406.92093
863 743.1191 399.6048
864 420.26724 566.4453
865 363.9951 287.50024
866 481.18585 518.2042
867 423.7872 246.05786
868 727.25854 379.06482
869 749.4232 415.58762
870 258.2469 360.26175
871 374.21652 347.85376
872 319.42578 338.8273
873 675.4436 245.06555
874 579.91895 219.63043
875 293.92715 326.9363
876 297.48358 514.775
877 263.83197 280.431
878 659.20483 364.18994
879 334.39676 561.135
880 559.90686 322.75378
881 614.62476 226.60614
882 449.46445 566.1145
883 325.53555 330.49216
884 279.1068 350.35843
885 334.94238 237.48718
886 357.74515 292.7337
887 569.3612 325.2277
888 628.826 428.61423
889 655.0823 225.87994
890 656.71423 364.67328
891 688.1391 575.3085
892 517.64343 564.7015
893 435.3975 303.22424
894 256.33426 333.52243
895 730.7532 325.45975
896 651.98 560.90796
897 747.9766 559.3847
898 384.9213 464.14835
899 601.5737 495.33585
900 668.4951 503.86694
901 569.64075 410.66003
902 441.72757 411.65402
903 600.5875 564.43756
904 468.26523 551.01544
905 463.27283 494.03857
906 451.68832 283.8508
907 316.05524 341.24338
908 413.63437 312.07996
909 688.99493 511.60162
910 409.474 400.9915
911 379.46277 523.8925
912 737.1278 246.27454
913 711.20984 242.853
914 432.4881 569.3851
915 445.0315 299.63602
916 712.31964 270.76895
917 728.0215 528.6262
918 730.9516 410.3894
919 712.5532 486.14462
920 529.04407 314.861
921 294.05087 564.09735
922 499.71442 383.1527
923 636.8157 409.63937
924 599.84204 449.16125
925 720.1621 392.30508
926 452.9344 528.3501
927 407.3833 338.68353
928 313.03296 197.97404
929 634.11536 439.45633
930 283.26477 241.03607
931 723.00073 528.3519
932 560.303 409.9333
933 578.66095 495.1689
934 519.6905 273.60944
935 677.3823 345.36658
936 439.19955 488.8264
937 408.09174 314.67908
938 498.6541 362.76126
939 441.65533 460.6641
940 587.4236 345.41556
941 280.7681 301.91592
942 595.6117 399.15228
943 297.2212 399.7342
944 702.30963 217.93912
945 345.63184 434.22058
946 416.65982 379.44098
947 617.3009 464.94473
948 631.38464 507.8524
949 297.2246 247.36179
950 346.37384 193.1578
951 487.93008 515.9424
952 556.39575 356.2411
953 690.2262 409.37564
954 760.49805 409.7973
955 615.6697 522.0946
956 505.69843 501.21613
957 701.0286 245.632
958 492.62894 412.37415
959 589.79724 416.81226
960 702.3944 367.4732
961 572.3611 495.40442
962 752.5312 440.5636
963 331.24472 307.46738
964 552.1115 482.07617
965 589.48254 518.0963
966 614.22815 575.4233
967 525.0492 398.4971
968 754.81445 465.39722
969 480.95615 541.15063
970 688.5066 418.56662
971 757.58026 365.15726
972 393.5388 269.02283
973 605.522 559.5453
974 538.97644 559.5349
975 580.31213 371.26636
976 621.437 439.30923
977 443.0838 350.6518
978 553.3267 485.98804
979 390.40396 472.15442
980 401.02884 520.14545
981 720.3251 222.10927
982 501.91776 412.21085
983 430.85495 215.90675
984 558.0459 215.35806
985 473.96985 300.24152
986 680.35034 502.3058
987 713.50024 491.86722
988 388.76047 250.0658
989 415.20435 464.41913
990 509.15244 449.31818
991 480.61252 467.241
992 620.19055 505.16806
993 259.27505 382.64423
994 344.22488 396.41492
995 353.37485 280.51178
996 419.0706 414.02554
997 336.77838 257.50983
998 492.18503 351.1129
999 527.99133 512.2631
1000 361.97903 453.26672
1001 279.6581 553.5619
1002 545.2507 300.42834
1003 624.7003 297.8687
1004 535.5133 342.52893
1005 531.4258 442.96548
1006 406.8038 287.6928
1007 623.45593 418.39148
1008 271.90274 426.81717
1009 571.62006 360.25308
1010 475.27536 280.65723
1011 260.5437 445.90683
1012 465.95013 402.03986
1013 733.0201 474.8071
1014 582.49133 289.3802
1015 408.89627 315.33868
1016 419.69254 523.1548
1017 614.6295 535.604
1018 323.1207 345.27094
1019 257.37408 514.77454
1020 465.67184 545.23364
1021 625.94556 568.6223
1022 708.36646 317.53418
1023 524.777 566.09863
