257
0 386.33704 296.62128
1 271.1568 514.02905
2 687.03406 270.83063
3 645.2479 464.02646
4 635.6612 527.2824
5 468.65775 257.62506
6 592.43335 382.56088
7 417.9043 295.5261
8 461.92465 241.22275
9 701.85706 240.78635
10 523.81976 384.8937
11 681.026 350.02014
12 465.35806 345.18262
13 670.69775 299.18237
14 686.33844 426.2069
15 645.299 214.76279
16 270.39728 445.4082
17 625.16565 309.0279
18 280.14944 551.52905
19 662.9772 488.74078
20 431.1914 470.99097
21 343.97552 218.45517
22 659.4026 381.34082
23 384.23285 395.88403
24 305.95496 239.78601
25 427.15265 571.8666
26 301.4396 455.0
27 288.59814 260.9733
28 339.05496 416.2179
29 314.02454 286.66965
30 275.3638 214.03668
31 671.2614 279.08472
32 414.22333 305.15787
33 346.63943 575.67236
34 371.6181 409.43933
35 536.486 421.2862
36 542.78564 524.9305
37 731.1261 294.2908
38 630.71204 249.92828
39 582.9159 303.17557
40 319.29672 349.38397
41 630.0119 405.59644
42 641.7381 217.08725
43 342.03384 430.7253
44 273.4729 291.83224
45 519.01306 434.10547
46 293.8186 286.09958
47 751.53906 533.77344
48 751.81323 450.55267
49 362.31454 201.0877
50 480.12302 563.70935
51 649.9076 509.37558
52 434.79855 278.3979
53 428.8541 216.04718
54 542.5969 271.90494
55 514.90344 265.10858
56 652.0603 481.9552
57 512.626 256.9016
58 734.04285 334.69415
59 421.3046 268.28937
60 258.40884 362.56262
61 452.52063 257.26367
62 678.6941 406.21906
63 477.60995 294.94983
64 386.11237 194.3646
65 475.71567 265.10077
66 684.9215 227.33011
67 533.99304 468.28235
68 381.31705 209.46622
69 397.13358 366.92612
70 364.21442 514.6164
71 374.268 452.1458
72 560.99884 323.11975
73 559.982 573.54816
74 563.0759 474.76285
75 409.13287 341.09653
76 459.33762 266.7516
77 262.8922 497.28088
78 454.97363 201.98058
79 684.45715 412.2846
80 488.9042 575.5138
81 471.67136 368.39233
82 647.98584 561.1315
83 486.87762 284.43024
84 550.5514 531.9183
85 266.184 476.44336
86 588.2845 220.0432
87 705.4696 412.9696
88 478.39874 433.98752
89 357.37875 456.04474
90 396.095 455.38516
91 760.75793 254.33566
92 270.80243 195.23053
93 477.97565 294.43387
94 615.27374 209.35258
95 764.8342 496.21317
96 482.7008 358.62717
97 342.82953 368.14948
98 654.1439 299.27872
99 556.84595 402.48322
100 603.2256 205.68004
101 687.4856 505.95596
102 295.73022 359.17197
103 510.62186 457.447
104 562.97034 300.46704
105 265.94232 345.04498
106 368.0334 573.04865
107 263.7013 233.7933
108 571.8058 535.5034
109 717.1375 489.41675
110 505.48438 416.80765
111 705.53125 472.6502
112 560.6335 213.09695
113 406.17328 417.21802
114 317.2198 250.26822
115 727.0979 335.93524
116 572.9681 526.75446
117 518.79517 461.68954
118 630.3186 325.86652
119 718.75745 551.09424
120 596.7386 434.07397
121 556.1416 420.2499
122 420.64105 533.3826
123 759.5326 460.19336
124 735.19965 431.43057
125 533.2787 572.1185
126 260.40967 340.94357
127 421.63998 513.20483
128 560.3434 287.63934
129 541.5363 266.75476
130 328.1744 353.42374
131 510.5142 501.20023
132 724.7023 432.65485
133 363.1616 479.26575
134 627.3012 482.2389
135 473.09366 369.04187
136 459.93362 268.2397
137 303.30414 278.81015
138 339.62506 249.40442
139 651.6349 267.03714
140 375.07663 442.4118
141 592.84985 221.90027
142 329.4086 441.60443
143 740.81964 300.89532
144 567.87244 204.35309
145 344.11877 328.3798
146 333.2462 234.8926
147 258.42178 555.2018
148 647.0374 227.33862
149 429.94147 219.72949
150 500.0545 379.52048
151 316.29822 317.49957
152 415.88144 490.1199
153 397.13147 469.2284
154 657.7903 395.26523
155 494.97055 465.94308
156 456.16013 278.07047
157 353.86752 255.37259
158 396.0356 460.50177
159 661.56274 511.3639
160 435.55325 512.2781
161 447.00266 463.82892
162 366.0916 383.14154
163 343.3598 572.46313
164 394.65884 477.64093
165 653.81476 457.07635
166 352.72095 526.4332
167 753.7547 258.72086
168 437.89444 399.90323
169 681.21497 312.76172
170 584.18 219.49643
171 443.8469 543.4866
172 437.19525 248.43683
173 689.9291 485.6729
174 507.68112 251.33551
175 357.46036 557.59155
176 517.90063 416.45377
177 661.6676 534.1061
178 457.92584 295.95306
179 519.84503 261.6969
180 352.71896 497.20804
181 767.8005 521.2799
182 718.84924 217.0604
183 546.82825 355.46805
184 370.1621 473.61993
185 694.5515 268.32385
186 383.21646 489.75558
187 565.6815 521.54
188 408.33923 477.63168
189 452.22894 445.24277
190 575.21234 221.4153
191 455.4682 470.1131
192 297.50146 422.4782
193 312.5065 212.13542
194 729.66345 318.9213
195 743.13745 253.89496
196 591.22766 449.9312
197 586.2721 236.81909
198 574.03503 442.2181
199 624.13135 386.97705
200 666.6416 337.45026
201 687.05884 200.8876
202 267.84167 241.07254
203 692.7683 377.11218
204 286.55225 377.05
205 537.5738 476.1053
206 546.61365 424.78137
207 404.17175 192.73181
208 276.90588 488.5662
209 509.34094 554.91394
210 686.05896 455.44827
211 630.0061 277.9183
212 477.44296 352.87994
213 753.97363 404.70547
214 758.5618 556.3262
215 554.78906 416.42218
216 379.94858 409.53317
217 605.09143 273.38718
218 670.65784 575.59546
219 580.0427 285.68872
220 420.98798 490.04437
221 358.39844 307.6424
222 486.6275 418.82578
223 284.05225 325.73425
224 736.5175 405.108
225 421.93713 231.1637
226 527.84753 564.24
227 377.49445 559.5869
228 338.26175 394.73596
229 633.03455 484.0107
230 266.0411 411.77905
231 639.705 313.8811
232 336.24734 489.27502
233 374.95596 430.1205
234 565.0681 345.8371
235 624.84766 344.0714
236 280.3841 372.10892
237 282.78137 305.87228
238 306.39484 460.4134
239 683.75214 284.60535
240 686.48425 289.72812
241 612.52124 420.4841
242 641.8854 216.30226
243 323.6861 492.26953
244 308.61032 457.72647
245 751.9862 192.8938
246 502.05338 472.81735
247 660.827 246.79956
248 488.142 478.158
249 716.42706 199.65164
250 748.41705 425.4207
251 332.69894 348.71844
252 598.4531 378.56247
253 572.4604 210.2266
254 423.0958 393.5031
255 386.34076 210.24301
256 340.589 237.84361

