500
0 386.33704 296.62128
1 271.1568 514.02905
2 687.03406 270.83063
3 645.2479 464.02646
4 635.6612 527.2824
5 468.65775 257.62506
6 592.43335 382.56088
7 417.9043 295.5261
8 461.92465 241.22275
9 701.85706 240.78635
10 523.81976 384.8937
11 681.026 350.02014
12 465.35806 345.18262
13 670.69775 299.18237
14 686.33844 426.2069
15 645.299 214.76279
16 270.39728 445.4082
17 625.16565 309.0279
18 280.14944 551.52905
19 662.9772 488.74078
20 431.1914 470.99097
21 343.97552 218.45517
22 659.4026 381.34082
23 384.23285 395.88403
24 305.95496 239.78601
25 427.15265 571.8666
26 301.4396 455.0
27 288.59814 260.9733
28 339.05496 416.2179
29 314.02454 286.66965
30 275.3638 214.03668
31 671.2614 279.08472
32 414.22333 305.15787
33 346.63943 575.67236
34 371.6181 409.43933
35 536.486 421.2862
36 542.78564 524.9305
37 731.1261 294.2908
38 630.71204 249.92828
39 582.9159 303.17557
40 319.29672 349.38397
41 630.0119 405.59644
42 641.7381 217.08725
43 342.03384 430.7253
44 273.4729 291.83224
45 519.01306 434.10547
46 293.8186 286.09958
47 751.53906 533.77344
48 751.81323 450.55267
49 362.31454 201.0877
50 480.12302 563.70935
51 649.9076 509.37558
52 434.79855 278.3979
53 428.8541 216.04718
54 542.5969 271.90494
55 514.90344 265.10858
56 652.0603 481.9552
57 512.626 256.9016
58 734.04285 334.69415
59 421.3046 268.28937
60 258.40884 362.56262
61 452.52063 257.26367
62 678.6941 406.21906
63 477.60995 294.94983
64 386.11237 194.3646
65 475.71567 265.10077
66 684.9215 227.33011
67 533.99304 468.28235
68 381.31705 209.46622
69 397.13358 366.92612
70 364.21442 514.6164
71 374.268 452.1458
72 560.99884 323.11975
73 559.982 573.54816
74 563.0759 474.76285
75 409.13287 341.09653
76 459.33762 266.7516
77 262.8922 497.28088
78 454.97363 201.98058
79 684.45715 412.2846
80 488.9042 575.5138
81 471.67136 368.39233
82 647.98584 561.1315
83 486.87762 284.43024
84 550.5514 531.9183
85 266.184 476.44336
86 588.2845 220.0432
87 705.4696 412.9696
88 478.39874 433.98752
89 357.37875 456.04474
90 396.095 455.38516
91 760.75793 254.33566
92 270.80243 195.23053
93 477.97565 294.43387
94 615.27374 209.35258
95 764.8342 496.21317
96 482.7008 358.62717
97 342.82953 368.14948
98 654.1439 299.27872
99 556.84595 402.48322
100 603.2256 205.68004
101 687.4856 505.95596
102 295.73022 359.17197
103 510.62186 457.447
104 562.97034 300.46704
105 265.94232 345.04498
106 368.0334 573.04865
107 263.7013 233.7933
108 571.8058 535.5034
109 717.1375 489.41675
110 505.48438 416.80765
111 705.53125 472.6502
112 560.6335 213.09695
113 406.17328 417.21802
114 317.2198 250.26822
115 727.0979 335.93524
116 572.9681 526.75446
117 518.79517 461.68954
118 630.3186 325.86652
119 718.75745 551.09424
120 596.7386 434.07397
121 556.1416 420.2499
122 420.64105 533.3826
123 759.5326 460.19336
124 735.19965 431.43057
125 533.2787 572.1185
126 260.40967 340.94357
127 421.63998 513.20483
128 560.3434 287.63934
129 541.5363 266.75476
130 328.1744 353.42374
131 510.5142 501.20023
132 724.7023 432.65485
133 363.1616 479.26575
134 627.3012 482.2389
135 473.09366 369.04187
136 459.93362 268.2397
137 303.30414 278.81015
138 339.62506 249.40442
139 651.6349 267.03714
140 375.07663 442.4118
141 592.84985 221.90027
142 329.4086 441.60443
143 740.81964 300.89532
144 567.87244 204.35309
145 344.11877 328.3798
146 333.2462 234.8926
147 258.42178 555.2018
148 647.0374 227.33862
149 429.94147 219.72949
150 500.0545 379.52048
151 316.29822 317.49957
152 415.88144 490.1199
153 397.13147 469.2284
154 657.7903 395.26523
155 494.97055 465.94308
156 456.16013 278.07047
157 353.86752 255.37259
158 396.0356 460.50177
159 661.56274 511.3639
160 435.55325 512.2781
161 447.00266 463.82892
162 366.0916 383.14154
163 343.3598 572.46313
164 394.65884 477.64093
165 653.81476 457.07635
166 352.72095 526.4332
167 753.7547 258.72086
168 437.89444 399.90323
169 681.21497 312.76172
170 584.18 219.49643
171 443.8469 543.4866
172 437.19525 248.43683
173 689.9291 485.6729
174 507.68112 251.33551
175 357.46036 557.59155
176 517.90063 416.45377
177 661.6676 534.1061
178 457.92584 295.95306
179 519.84503 261.6969
180 352.71896 497.20804
181 767.8005 521.2799
182 718.84924 217.0604
183 546.82825 355.46805
184 370.1621 473.61993
185 694.5515 268.32385
186 383.21646 489.75558
187 565.6815 521.54
188 408.33923 477.63168
189 452.22894 445.24277
190 575.21234 221.4153
191 455.4682 470.1131
192 297.50146 422.4782
193 312.5065 212.13542
194 729.66345 318.9213
195 743.13745 253.89496
196 591.22766 449.9312
197 586.2721 236.81909
198 574.03503 442.2181
199 624.13135 386.97705
200 666.6416 337.45026
201 687.05884 200.8876
202 267.84167 241.07254
203 692.7683 377.11218
204 286.55225 377.05
205 537.5738 476.1053
206 546.61365 424.78137
207 404.17175 192.73181
208 276.90588 488.5662
209 509.34094 554.91394
210 686.05896 455.44827
211 630.0061 277.9183
212 477.44296 352.87994
213 753.97363 404.70547
214 758.5618 556.3262
215 554.78906 416.42218
216 379.94858 409.53317
217 605.09143 273.38718
218 670.65784 575.59546
219 580.0427 285.68872
220 420.98798 490.04437
221 358.39844 307.6424
222 486.6275 418.82578
223 284.05225 325.73425
224 736.5175 405.108
225 421.93713 231.1637
226 527.84753 564.24
227 377.49445 559.5869
228 338.26175 394.73596
229 633.03455 484.0107
230 266.0411 411.77905
231 639.705 313.8811
232 336.24734 489.27502
233 374.95596 430.1205
234 565.0681 345.8371
235 624.84766 344.0714
236 280.3841 372.10892
237 282.78137 305.87228
238 306.39484 460.4134
239 683.75214 284.60535
240 686.48425 289.72812
241 612.52124 420.4841
242 641.8854 216.30226
243 323.6861 492.26953
244 308.61032 457.72647
245 751.9862 192.8938
246 502.05338 472.81735
247 660.827 246.79956
248 488.142 478.158
249 716.42706 199.65164
250 748.41705 425.4207
251 332.69894 348.71844
252 598.4531 378.56247
253 572.4604 210.2266
254 423.0958 393.5031
255 386.34076 210.24301
256 340.589 237.84361
257 370.2952 528.00433
258 549.29065 323.43726
259 430.47052 530.9735
260 717.835 571.058
261 344.77676 229.12848
262 360.7886 484.89856
263 664.41235 409.95636
264 405.5668 352.04877
265 646.2629 545.213
266 567.1316 247.32608
267 417.051 205.58391
268 529.2728 255.73251
269 658.84814 541.82794
270 533.59033 260.26892
271 313.57996 294.67297
272 712.14 472.72293
273 567.9523 266.5357
274 639.584 202.23926
275 456.3085 205.93484
276 686.0928 567.84985
277 475.78732 382.1305
278 295.68686 347.5683
279 450.29373 570.928
280 600.6768 345.00714
281 631.7207 274.60782
282 627.8613 241.63599
283 597.0625 395.4579
284 308.6771 487.63858
285 549.048 347.26712
286 342.05878 523.7208
287 672.1897 402.26385
288 587.8617 267.04437
289 520.1926 234.22397
290 290.82916 249.59079
291 562.99805 511.70764
292 306.7419 289.56763
293 718.8472 220.48502
294 280.079 310.83136
295 583.14484 391.05374
296 334.73856 384.59457
297 386.0725 257.61243
298 486.6191 380.78186
299 517.36194 382.80618
300 461.6463 446.17593
301 521.86926 301.8805
302 449.6426 557.8262
303 262.11368 562.4418
304 351.78543 435.95462
305 364.2391 411.7016
306 311.7736 437.6588
307 564.4396 495.75433
308 526.7326 529.95715
309 398.2499 242.974
310 617.8273 303.0229
311 573.74585 329.90036
312 355.0206 506.68274
313 266.12082 282.87863
314 275.92212 400.29022
315 461.8133 536.1102
316 371.6981 448.79907
317 393.8432 228.5274
318 590.08496 205.13063
319 762.78503 221.90521
320 627.1398 377.62762
321 514.35266 226.74028
322 745.989 196.39082
323 633.402 526.5353
324 468.99762 302.47763
325 551.7683 229.10345
326 739.9657 502.17935
327 630.2492 253.22693
328 577.68427 521.7623
329 383.7141 266.336
330 381.93195 351.0285
331 581.2817 455.70685
332 564.27795 235.70549
333 659.2385 439.8674
334 587.37134 369.87933
335 381.39194 288.34012
336 600.2412 221.32281
337 494.3482 378.40314
338 438.01215 259.51083
339 650.28796 529.09875
340 644.8429 223.23557
341 727.6708 357.13083
342 339.34134 270.90976
343 579.4451 544.4497
344 652.6742 276.75125
345 759.26245 243.0943
346 451.59555 522.95135
347 427.3989 429.12817
348 256.14993 202.51907
349 640.0769 568.1377
350 707.37 534.6378
351 671.14307 477.6344
352 378.38525 210.94395
353 476.11 468.69708
354 665.48535 522.0155
355 497.89984 292.1707
356 536.33813 297.4182
357 599.7362 289.59235
358 539.25415 254.76663
359 310.02725 535.6071
360 594.6089 320.30377
361 725.2532 486.84573
362 545.7858 548.34656
363 584.3291 445.9415
364 666.7871 204.47379
365 558.1488 298.4303
366 635.4729 304.41342
367 663.5333 220.59297
368 469.73627 204.09764
369 660.1074 313.72525
370 293.29718 245.17044
371 534.2051 502.74463
372 532.7074 365.2272
373 512.2704 258.33038
374 744.098 540.1172
375 457.85834 209.82426
376 711.6715 475.61853
377 395.76666 412.7674
378 598.44214 564.5813
379 510.5344 420.08896
380 523.7622 348.09735
381 617.0288 277.46976
382 408.23615 562.27606
383 586.60974 249.15257
384 689.21875 246.65198
385 289.91046 518.33923
386 625.723 417.00583
387 451.10178 476.17148
388 284.71997 327.31213
389 699.1209 501.02075
390 644.0015 439.5144
391 517.23584 375.2782
392 576.5005 352.74756
393 361.99167 295.92346
394 485.71097 404.34805
395 526.5405 275.7277
396 402.13855 506.39465
397 422.09158 317.89005
398 483.02072 204.47949
399 577.2367 446.0966
400 282.40753 494.79498
401 652.7057 202.29147
402 756.5657 396.31305
403 359.18472 453.74936
404 389.0806 341.70416
405 456.69327 393.20004
406 461.46814 480.56808
407 266.15738 350.6623
408 367.07986 456.4047
409 381.74112 237.16777
410 449.08673 461.41098
411 524.7025 472.56934
412 281.8602 285.5315
413 530.52734 466.01227
414 689.63293 551.0824
415 275.36157 294.26984
416 547.41876 292.5934
417 545.8114 517.8876
418 569.29614 552.14044
419 258.5105 211.8135
420 490.8205 416.24957
421 598.96625 539.7931
422 720.0172 262.31604
423 665.5868 266.1516
424 737.6304 241.27419
425 390.96774 408.5459
426 592.5521 199.85168
427 264.97 474.7201
428 307.14294 403.01813
429 755.35736 517.1217
430 367.96527 344.06943
431 580.28076 197.29355
432 482.80023 437.0512
433 337.19354 327.13885
434 379.19403 338.78946
435 711.3635 318.32602
436 715.6876 356.54346
437 746.5076 338.14008
438 766.8244 435.0951
439 392.7192 491.8673
440 451.4996 218.8193
441 509.27966 466.19766
442 733.7189 258.8155
443 488.65338 347.0205
444 395.8648 293.3928
445 599.4498 474.24542
446 459.63675 340.97235
447 656.9048 407.78015
448 565.42224 374.66812
449 539.9813 358.41428
450 545.4884 446.31085
451 365.02127 468.96582
452 544.5377 261.36322
453 409.48984 420.52423
454 401.3624 547.9121
455 552.2472 305.84164
456 736.053 243.59094
457 295.456 242.75946
458 352.96832 280.7576
459 498.18896 294.8853
460 490.95663 197.40549
461 539.53534 222.42943
462 641.6338 415.9911
463 688.0244 443.04794
464 578.36786 505.49832
465 276.9827 290.59314
466 285.4981 386.50064
467 308.5204 470.71844
468 505.7244 221.60223
469 536.70557 568.19885
470 258.0415 251.31543
471 413.62585 217.48285
472 743.56433 315.03625
473 580.9625 375.26657
474 432.59222 335.18893
475 650.9049 259.64325
476 685.7927 246.7013
477 320.22247 530.5162
478 461.95084 496.61484
479 388.57587 332.3363
480 448.8241 570.70905
481 499.20016 476.7173
482 554.7728 538.39636
483 671.42194 224.96582
484 285.49033 566.7033
485 666.58325 200.91463
486 686.8502 207.76544
487 302.33905 458.53998
488 758.1062 246.80708
489 457.46725 372.5555
490 273.9332 369.92252
491 294.78662 529.37695
492 455.58163 192.00421
493 658.01355 196.42177
494 637.2307 535.74316
495 705.9067 431.52014
496 767.97205 459.639
497 438.34625 435.1435
498 497.23322 397.27298
499 472.5771 438.07623
